Extracted Elastic Stiffness Moduli Matrix (C) in k Bar:
[[ -641.2526  -577.768   -279.4645    -0.        -0.        -0.    ]
 [ -577.768   -675.5851  -266.9063    -0.        -0.        -0.    ]
 [ -279.4645  -266.9063 -2663.5764    -0.        -0.        -0.    ]
 [   -0.        -0.        -0.      -812.0286    -0.        -0.    ]
 [   -0.        -0.        -0.        -0.      -216.618     -0.    ]
 [   -0.         0.        -0.        -0.        -0.      -221.5699]]
Extracted Elastic Stiffness Moduli Matrix (C) in in GPa:
[[ -64.12526  -57.7768   -27.94645   -0.        -0.        -0.     ]
 [ -57.7768   -67.55851  -26.69063   -0.        -0.        -0.     ]
 [ -27.94645  -26.69063 -266.35764   -0.        -0.        -0.     ]
 [  -0.        -0.        -0.       -81.20286   -0.        -0.     ]
 [  -0.        -0.        -0.        -0.       -21.6618    -0.     ]
 [  -0.         0.        -0.        -0.        -0.       -22.15699]]
Elastic Compliance Moduli Matrix (S) in 10^-3 /(GPa) m^2/N :
[[-68.439707    57.9892046    1.36988166  -0.          -0.          -0.        ]
 [ 57.9892046  -64.54658932   0.38368235  -0.          -0.          -0.        ]
 [  1.36988166   0.38368235  -3.93652704  -0.          -0.          -0.        ]
 [ -0.          -0.          -0.         -12.31483719  -0.          -0.        ]
 [ -0.          -0.          -0.          -0.         -46.16421535  -0.        ]
 [ -0.          -0.          -0.          -0.          -0.         -45.13248415]]
-----------------------------------
Extracted Piezoelectric Tensor (Electron) in C/m^2:
[[ 0.       0.       0.      -0.02607  0.       0.     ]
 [-0.04104  0.08713  0.07251  0.       0.       0.     ]
 [ 0.       0.       0.       0.       0.06237  0.     ]]
Extracted Piezoelectric Tensor (Ion) in C/m^2:
[[-0.      -0.00001  0.00001  6.22807  0.       0.     ]
 [ 5.15802  6.55287 -0.16882 -0.      -0.       0.     ]
 [-0.00015 -0.00015 -0.0001   0.       0.10829 -0.     ]]
Total Piezoelectric Tensor (e_tot = e_electron + e_ion) in C/m^2:
[[ 0.      -0.00001  0.00001  6.202    0.       0.     ]
 [ 5.11698  6.64    -0.09631  0.       0.       0.     ]
 [-0.00015 -0.00015 -0.0001   0.       0.17066  0.     ]]
-----------------------------------
Calculated d_{alpha i} matrix in pC/N  (or pm/V):
[[  -0.00056619    0.0006493    -0.0000432   -76.37662023    0.            0.        ]
 [  34.71177332 -131.89670538    9.9364348     0.            0.            0.        ]
 [   0.00143059    0.00094524    0.00013062    0.           -7.87838499    0.        ]]
